0.000000000000e+00 0.000000000000e+00 0.000000000000e+00
-3.131912337920e-01 9.294659320037e-01 1.949469987468e-01
-4.660836114417e-01 1.129438552294e+00 -7.728519845090e-01
-8.047550562468e-01 2.070342660875e+00 -7.739059909980e-01
-1.151196671146e+00 2.967748771419e+00 -1.047110090937e+00
-1.464910410753e+00 3.896664002950e+00 -8.503864720932e-01
-1.795037022193e+00 4.822946640398e+00 -1.032091992048e+00
-1.550579441657e+00 5.005486362896e+00 -7.976865355985e-02
-7.501601000326e-01 5.599204262944e+00 -1.623999594697e-01
-9.170476702988e-01 6.538324661909e+00 -4.627354637631e-01
-1.285457460640e+00 7.409811398348e+00 -7.864407225899e-01
-1.207263756883e+00 8.405292772040e+00 -7.325651314059e-01
-1.555180908905e+00 9.319680528592e+00 -5.255658898720e-01
-1.818101581252e+00 1.026900057260e+01 -3.533329832984e-01
-2.187047459378e+00 1.112645187410e+01 -7.120197610975e-01
-2.559532667667e+00 1.179192444625e+01 -1.358859018812e+00
-2.920814348796e+00 1.272285143312e+01 -1.305469019765e+00
-3.432156479590e+00 1.322237774021e+01 -6.061817441790e-01
-3.464749073523e+00 1.415365805392e+01 -9.690242721584e-01
-3.710105515843e+00 1.511189344096e+01 -1.115943158765e+00
-4.230921855391e+00 1.594230038472e+01 -9.180172933216e-01
-4.164425194136e+00 1.693995990814e+01 -9.020902916558e-01
-4.087525998291e+00 1.788374737251e+01 -1.223573939417e+00
-4.493140982308e+00 1.876004298847e+01 -1.483540241435e+00
-4.385673656593e+00 1.971350469051e+01 -1.765252074078e+00
-4.759481460119e+00 2.063957256755e+01 -1.816885523825e+00
-4.233734930156e+00 2.137667067822e+01 -2.241475869304e+00
-3.305733793415e+00 2.169636645315e+01 -2.432809352270e+00
-3.407638288480e+00 2.263166141741e+01 -2.771688097122e+00
-3.081700773356e+00 2.353528086831e+01 -3.049602875760e+00
-2.186775122119e+00 2.398030997831e+01 -3.017088724850e+00
-2.409480617606e+00 2.483522875309e+01 -3.485614231963e+00
-2.751100391883e+00 2.572186374198e+01 -3.797342200366e+00
-3.170840577651e+00 2.662749652899e+01 -3.736948230879e+00
-2.491857669906e+00 2.708913094844e+01 -4.307803618671e+00
-2.544197255830e+00 2.803943695794e+01 -4.614689682306e+00
-3.320390903952e+00 2.865677532701e+01 -4.486561782600e+00
-2.614829500162e+00 2.932961359848e+01 -4.708984276804e+00
-2.596405293572e+00 3.026441324491e+01 -5.063681569787e+00
-2.681215329311e+00 3.119973345736e+01 -5.407168626348e+00
-2.404905795338e+00 3.211542561473e+01 -5.698992056451e+00
-2.483357618831e+00 3.305658189026e+01 -6.027732343665e+00
-2.143750036287e+00 3.399418165626e+01 -5.953077346014e+00
-2.186837587943e+00 3.493049939753e+01 -6.301577776816e+00
-1.663089478570e+00 3.574751648573e+01 -6.542764417234e+00
-1.259468177862e+00 3.647293666944e+01 -7.100308498615e+00
-9.132291030255e-01 3.732649966237e+01 -7.489601087998e+00
-8.899135993924e-01 3.828254687662e+01 -7.781885386952e+00
-1.163517066454e+00 3.918747035755e+01 -8.107852619155e+00
-1.124468841471e+00 4.013995137205e+01 -8.409937297921e+00
-6.765867912100e-01 4.093904432676e+01 -8.811001031999e+00
-7.431063012138e-01 4.187929218309e+01 -9.144930850153e+00
-6.987899786717e-01 4.281167037925e+01 -9.503688376746e+00
-4.697826811714e-01 4.366666135869e+01 -9.969033498960e+00
-3.683472275513e-01 4.461210552639e+01 -1.027862383231e+01
4.017938910042e-01 4.524802777538e+01 -1.032847913041e+01
4.158266655473e-01 4.618086896803e+01 -1.068849356144e+01
1.088644007641e+00 4.691990287782e+01 -1.072234181621e+01
1.112440330271e+00 4.786741022453e+01 -1.104118905700e+01
1.737499741188e+00 4.858113116542e+01 -1.135726365477e+01
2.346980126047e+00 4.937347999252e+01 -1.138404044823e+01
2.682662970011e+00 5.028444511527e+01 -1.114433318218e+01
3.139518968783e+00 5.117392674123e+01 -1.113408459811e+01
3.530552720433e+00 5.207963968075e+01 -1.097044879441e+01
3.951653067246e+00 5.297218366722e+01 -1.080908048855e+01
4.300640929475e+00 5.387939385163e+01 -1.057418231207e+01
4.728661482514e+00 5.477042890762e+01 -1.042300382426e+01
5.477178404318e+00 5.485683371405e+01 -1.108046608721e+01
5.581878408894e+00 5.577230697205e+01 -1.069194758967e+01
5.950841974652e+00 5.667619293222e+01 -1.047548498748e+01
5.358530464512e+00 5.698428836316e+01 -9.731009144762e+00
4.779750659675e+00 5.731801832792e+01 -8.986940432792e+00
5.087211130788e+00 5.822695028748e+01 -8.705318786616e+00
5.512573636120e+00 5.911724582949e+01 -8.542713168869e+00
6.061662775318e+00 5.995286094488e+01 -8.526949408470e+00
6.769303729550e+00 5.987637224975e+01 -9.229369339430e+00
7.295125492616e+00 6.072581675480e+01 -9.185148232257e+00
7.793364220515e+00 6.158951423372e+01 -9.109090129921e+00
8.244364118786e+00 6.247234550818e+01 -8.977910739017e+00
7.701539615173e+00 6.272744405591e+01 -8.177744325561e+00
8.110377496280e+00 6.362336916428e+01 -8.004049802977e+00
8.418296566120e+00 6.455280899146e+01 -7.800758253528e+00
8.162318947395e+00 6.529684245423e+01 -7.183595661506e+00
8.428921754559e+00 6.624492708471e+01 -7.010221855379e+00
9.205851411399e+00 6.654377735278e+01 -7.564359767451e+00
9.858092357291e+00 6.728306138464e+01 -7.731813846968e+00
1.054619041819e+01 6.799360525272e+01 -7.878948037844e+00
1.121212683254e+01 6.872333880037e+01 -8.033924298875e+00
1.190292840231e+01 6.942103096209e+01 -8.223710596220e+00
1.252458802232e+01 7.018421310000e+01 -8.400040801329e+00
1.341649454184e+01 7.059377043037e+01 -8.591784259032e+00
1.438329549152e+01 7.074565253083e+01 -8.797278179278e+00
1.348958054128e+01 7.111902878715e+01 -9.046002442140e+00
1.326385179177e+01 7.200196602642e+01 -9.457667795494e+00
1.419878774351e+01 7.229201824007e+01 -9.662031391814e+00
1.382685145261e+01 7.306493130787e+01 -1.017610218961e+01
1.455819216816e+01 7.362691873011e+01 -1.056250986942e+01
1.523734674137e+01 7.296586860804e+01 -1.024350861269e+01
1.588199570029e+01 7.371687438131e+01 -1.038640034891e+01
1.685905138063e+01 7.392984990234e+01 -1.038830428275e+01
1.590488194093e+01 7.364733687026e+01 -1.048703151834e+01
1.687600991476e+01 7.386951280456e+01 -1.040015049239e+01
1.784418117361e+01 7.409424032441e+01 -1.028995995127e+01
1.841875757879e+01 7.485788135977e+01 -1.058443291053e+01
1.936428132401e+01 7.492082628821e+01 -1.026502285558e+01
1.844870978223e+01 7.452213909365e+01 -1.021232301893e+01
1.928767460607e+01 7.435659127660e+01 -9.693929399535e+00
1.888533839877e+01 7.504950358207e+01 -1.029225883490e+01
1.929000257192e+01 7.447698364054e+01 -9.579189537063e+00
1.905018434042e+01 7.365761110045e+01 -9.058501668579e+00
1.972487069909e+01 7.325895476700e+01 -8.437316152627e+00
2.040695745106e+01 7.283801779552e+01 -7.839344808141e+00
2.108268743636e+01 7.244398305382e+01 -7.216347529411e+00
2.147253283669e+01 7.203726523685e+01 -6.390150711937e+00
2.100449319148e+01 7.245265054939e+01 -7.170146822598e+00
2.188271774863e+01 7.225503912960e+01 -6.734634074236e+00
2.215888041212e+01 7.261691695172e+01 -5.844252905776e+00
2.229692493347e+01 7.324448032497e+01 -5.078023225666e+00
2.212854685625e+01 7.404822874287e+01 -4.507376834428e+00
2.294908325633e+01 7.349565722245e+01 -4.361141643835e+00
2.368232629466e+01 7.309187189946e+01 -3.814047447483e+00
2.437742955793e+01 7.273990644416e+01 -3.187188793831e+00
2.507439711008e+01 7.206475877636e+01 -2.945503341408e+00
2.558641646848e+01 7.121252217597e+01 -2.838130376574e+00
2.548949488679e+01 7.176089494076e+01 -2.007532087486e+00
2.547218152342e+01 7.244583095796e+01 -1.279134599988e+00
2.628006706700e+01 7.222807734541e+01 -7.314993996048e-01
2.697457896156e+01 7.219786554341e+01 -1.265277108635e-02
2.783454011834e+01 7.197495846100e+01 4.464542332575e-01
2.865485083013e+01 7.187049559396e+01 1.008751170413e+00
2.956043943803e+01 7.154975723511e+01 1.286305090239e+00
3.025021221313e+01 7.150298633016e+01 2.008818758750e+00
2.952733127210e+01 7.172020697525e+01 2.664759561294e+00
3.039013509673e+01 7.150426920683e+01 3.121859594506e+00
3.096388275428e+01 7.194632759444e+01 3.811350716570e+00
3.157692690400e+01 7.234898380986e+01 4.491089521321e+00
3.209999911580e+01 7.289257904018e+01 5.147519020062e+00
3.139009300653e+01 7.306752568513e+01 5.829741115455e+00
3.199286195544e+01 7.355646349500e+01 6.460303889739e+00
3.258389642738e+01 7.406675523661e+01 7.085028302116e+00
3.317431049242e+01 7.449499799377e+01 7.769147716217e+00
3.408144266471e+01 7.427532815556e+01 8.128113430684e+00
3.445302504759e+01 7.493905204529e+01 8.777264515520e+00
3.526712661788e+01 7.491205294670e+01 9.357359061210e+00
3.603235371708e+01 7.487145835020e+01 9.999838294635e+00
3.679447652647e+01 7.500702644321e+01 1.063291815971e+01
3.709407363049e+01 7.502370667552e+01 1.158683814855e+01
3.669346614512e+01 7.522211258479e+01 1.248134848267e+01
3.740178168223e+01 7.537958186896e+01 1.316945641347e+01
3.753193064824e+01 7.578487379490e+01 1.407433193055e+01
3.837936523182e+01 7.559337311241e+01 1.456949060728e+01
3.923463614457e+01 7.543027716009e+01 1.506133547728e+01
4.005642870069e+01 7.555851253982e+01 1.561650453451e+01
4.081109287754e+01 7.552734066181e+01 1.627187488339e+01
4.141368548070e+01 7.588966891205e+01 1.698293071361e+01
4.221727135367e+01 7.588984586703e+01 1.757811951849e+01
4.303239865647e+01 7.612007947662e+01 1.810968321669e+01
4.383144865234e+01 7.609170868810e+01 1.871027809051e+01
4.329865633929e+01 7.615236550689e+01 1.955434746058e+01
4.245487217919e+01 7.591366136639e+01 1.907367228494e+01
4.322278937763e+01 7.605075772098e+01 1.969937809912e+01
4.385708351267e+01 7.600256279313e+01 2.047096620114e+01
4.469682232278e+01 7.616845067968e+01 2.098799612279e+01
4.557281401833e+01 7.613058516108e+01 2.146883367523e+01
4.519641850839e+01 7.621011020782e+01 2.239187332067e+01
4.611711976264e+01 7.615696568169e+01 2.277850604014e+01
4.686087123896e+01 7.668041389267e+01 2.319424118648e+01
4.785822649326e+01 7.666188529375e+01 2.312396183154e+01
4.884207193205e+01 7.662112531844e+01 2.329827986558e+01
4.979893632093e+01 7.660985716762e+01 2.358859619317e+01
5.066996451317e+01 7.654685960826e+01 2.407577295354e+01
5.154869524416e+01 7.654188492646e+01 2.455306485054e+01
5.239307503804e+01 7.648121125410e+01 2.508536314019e+01
5.326244242080e+01 7.649169076596e+01 2.557941833310e+01
5.415607801487e+01 7.640423567107e+01 2.601960810057e+01
5.506161064198e+01 7.645493607849e+01 2.644084453053e+01
5.588416096343e+01 7.664374823908e+01 2.697727806480e+01
5.677439869765e+01 7.673796612913e+01 2.742292340111e+01
5.762263065990e+01 7.671887497060e+01 2.795220410724e+01
5.851733846089e+01 7.676324976388e+01 2.839664626159e+01
5.947983290216e+01 7.684428357475e+01 2.865556318267e+01
6.034357454559e+01 7.688358740723e+01 2.915796300568e+01
6.108748056166e+01 7.702248267396e+01 2.981165402148e+01
6.175285764341e+01 7.693220376078e+01 3.055268239942e+01
6.261829565142e+01 7.688940162289e+01 3.105186676544e+01
6.349151162837e+01 7.679039769960e+01 3.152903767903e+01
6.375325255033e+01 7.667453126531e+01 3.248719563009e+01
6.463274486114e+01 7.668111837689e+01 3.296306313810e+01
6.559436214956e+01 7.662434752699e+01 3.323152032504e+01
6.649706099822e+01 7.665346332551e+01 3.280223363890e+01
6.730105897786e+01 7.651121245008e+01 3.337960001927e+01
6.824158729109e+01 7.640955350838e+01 3.370374805890e+01
6.866563002770e+01 7.705426358103e+01 3.306771607877e+01
6.949020651143e+01 7.697335400370e+01 3.362765113105e+01
7.022399488936e+01 7.713010032492e+01 3.428869969750e+01
7.122079899842e+01 7.720984018875e+01 3.428389113536e+01
7.218631910023e+01 7.699129205175e+01 3.442533951753e+01
7.306174083104e+01 7.708585137307e+01 3.489935990525e+01
7.386858229555e+01 7.686888992009e+01 3.434987416468e+01
7.471011857810e+01 7.698798977669e+01 3.487678204021e+01
7.519604123882e+01 7.767667597265e+01 3.433864591311e+01
7.614251298249e+01 7.774313820471e+01 3.465451615567e+01
7.658696070464e+01 7.768200571620e+01 3.554823257665e+01
7.700050937740e+01 7.753766504427e+01 3.644720046578e+01
7.763773887608e+01 7.830798282047e+01 3.642376780334e+01
7.842050218536e+01 7.819584886708e+01 3.703590143103e+01
7.813166775275e+01 7.805977288964e+01 3.798356065190e+01
7.897548948407e+01 7.801678360561e+01 3.851845952760e+01
7.987072605955e+01 7.820967191578e+01 3.892013797327e+01
8.081351924066e+01 7.787860680224e+01 3.888093455188e+01
8.144232455117e+01 7.809209126381e+01 3.962861648034e+01
8.239833829464e+01 7.806127367898e+01 3.992031495268e+01
8.325005991534e+01 7.753729165518e+01 3.991669285953e+01
8.412307336086e+01 7.753656704783e+01 4.040438846019e+01
8.494153209118e+01 7.772983534162e+01 4.094547317941e+01
8.568635131726e+01 7.801715357490e+01 4.154771279392e+01
8.633010775615e+01 7.810560181947e+01 4.230781446831e+01
8.701378179966e+01 7.828783353303e+01 4.301448370127e+01
8.768420183437e+01 7.847957826603e+01 4.373126186390e+01
8.844064290907e+01 7.864822991105e+01 4.436320610443e+01
8.930435455167e+01 7.862400123619e+01 4.486660968980e+01
9.000718823015e+01 7.862751517902e+01 4.557795522651e+01
9.065012216566e+01 7.916996906687e+01 4.611867672056e+01
9.140350243976e+01 7.947679296528e+01 4.670029279492e+01
9.208596163832e+01 7.966716501926e+01 4.740598955938e+01
9.288215291058e+01 7.962079945899e+01 4.800925541520e+01
9.364158671634e+01 7.995612913056e+01 4.856676264030e+01
9.430620275931e+01 8.070263090313e+01 4.859870976792e+01
9.499699370532e+01 8.090248061781e+01 4.929359678065e+01
9.559723354014e+01 8.161193920393e+01 4.892429926470e+01
9.618525023133e+01 8.204627690372e+01 4.960663872085e+01
9.658538761536e+01 8.257699986149e+01 5.035378209129e+01
9.723287983193e+01 8.332251415344e+01 5.019578756614e+01
9.789836542507e+01 8.341587596901e+01 5.093633634692e+01
9.852822510373e+01 8.351747004725e+01 5.170637233859e+01
9.899449207913e+01 8.332926688662e+01 5.257076500283e+01
9.988161596817e+01 8.332930579610e+01 5.303229637118e+01
1.004024629136e+02 8.368983826213e+01 5.380607592660e+01
1.008654597259e+02 8.421411010262e+01 5.452075976512e+01
1.013190285057e+02 8.446164790667e+01 5.537691418901e+01
1.019889245210e+02 8.518190354242e+01 5.555711171367e+01
1.025139092825e+02 8.562251273684e+01 5.628529749903e+01
1.030538818764e+02 8.644219534155e+01 5.609411688984e+01
1.038167453925e+02 8.675011460885e+01 5.666264567593e+01
1.044063523902e+02 8.678637534390e+01 5.746952159410e+01
1.051665030838e+02 8.709133503323e+01 5.804325542693e+01
1.059569955398e+02 8.753644868177e+01 5.846396377839e+01
1.065835759577e+02 8.809839107769e+01 5.900398018881e+01
1.068941445507e+02 8.785809615190e+01 5.992365703295e+01
1.074837937056e+02 8.836276409083e+01 6.055423148975e+01
1.081680476450e+02 8.852299016237e+01 6.126565552120e+01
1.090419049700e+02 8.855979434529e+01 6.175044292580e+01
1.098386518851e+02 8.832022976388e+01 6.230524303804e+01
1.104883278929e+02 8.899111185730e+01 6.194769821335e+01
1.107775169074e+02 8.896951207739e+01 6.290472651145e+01
1.112134903091e+02 8.932960141902e+01 6.372950700291e+01
1.120210632834e+02 8.990760213164e+01 6.384672930154e+01
1.125245956177e+02 9.029053778979e+01 6.462120684808e+01
1.132092183089e+02 9.101527669860e+01 6.469895827748e+01
1.139133566731e+02 9.142070980820e+01 6.528189322901e+01
1.146498856339e+02 9.165880273528e+01 6.591501000179e+01
1.152796776187e+02 9.225824910279e+01 6.640899998989e+01
1.159328242867e+02 9.237416321791e+01 6.715730697764e+01
1.166361711036e+02 9.255877277801e+01 6.784376350612e+01
1.170619421503e+02 9.299229429049e+01 6.863797891394e+01
1.177796516507e+02 9.319650369685e+01 6.930370527771e+01
1.182151083959e+02 9.350152389476e+01 7.015066460488e+01
1.186977572897e+02 9.387575360226e+01 7.094249929179e+01
1.191817701789e+02 9.378666423451e+01 7.181301328225e+01
1.199411854039e+02 9.393856609156e+01 7.244563824373e+01
1.206782585167e+02 9.416618618399e+01 7.308196545513e+01
1.214889964902e+02 9.424642655324e+01 7.366184942757e+01
1.220192985108e+02 9.421747052364e+01 7.450916360499e+01
1.228508597941e+02 9.463994344365e+01 7.486974988305e+01
1.237429874530e+02 9.493934833805e+01 7.520807657345e+01
1.243502444169e+02 9.554215315064e+01 7.572563365996e+01
1.250273151575e+02 9.524824701464e+01 7.640031461819e+01
1.256753321993e+02 9.535727091460e+01 7.715409688301e+01
1.263703709587e+02 9.553011609407e+01 7.785198345463e+01
1.271448428387e+02 9.582854034074e+01 7.840977936366e+01
1.280632281722e+02 9.555444773204e+01 7.869515914762e+01
1.288290160031e+02 9.618023701818e+01 7.854698098647e+01
1.295657581036e+02 9.643105039327e+01 7.917491707257e+01
1.303709513691e+02 9.639629450728e+01 7.976691017520e+01
1.311650387088e+02 9.675243853873e+01 8.025944111401e+01
1.318779739221e+02 9.694380453811e+01 8.093405391848e+01
1.322949564168e+02 9.772732909214e+01 8.139472177319e+01
1.331197109748e+02 9.717587687298e+01 8.151994305364e+01
1.337314824706e+02 9.728018356652e+01 8.230407043528e+01
1.345373456500e+02 9.725500766740e+01 8.289563675452e+01
1.353552926385e+02 9.778507604475e+01 8.311922172569e+01
1.361086630200e+02 9.771050143149e+01 8.377257591402e+01
1.364999210528e+02 9.759379409278e+01 8.468542669530e+01
1.362427756461e+02 9.728834048531e+01 8.560225510536e+01
1.366975109236e+02 9.720954847541e+01 8.648938961974e+01
1.368542523076e+02 9.689696512234e+01 8.742625875997e+01
1.366332815537e+02 9.683081320528e+01 8.839929311176e+01
1.367650746117e+02 9.649401003585e+01 8.933159897086e+01
1.364734462145e+02 9.674668461440e+01 9.025415435418e+01
1.368580937225e+02 9.658625097710e+01 9.116316884393e+01
1.376058573347e+02 9.683057622751e+01 9.178054616156e+01
1.384808326890e+02 9.636159699466e+01 9.190086494003e+01
1.393335333710e+02 9.620355265767e+01 9.239878414486e+01
1.398295548695e+02 9.615573949341e+01 9.326577697893e+01
1.406341581516e+02 9.611911249290e+01 9.385845903646e+01
1.410486739408e+02 9.599649442388e+01 9.476020260844e+01
1.413287203613e+02 9.575961133780e+01 9.569050385314e+01
1.413146250226e+02 9.564639526205e+01 9.668397425613e+01
1.416969904299e+02 9.548551570247e+01 9.759387230680e+01
1.424052338298e+02 9.504324600184e+01 9.814413478815e+01
1.430962886830e+02 9.570279956072e+01 9.784844526712e+01
1.438171968446e+02 9.616881591337e+01 9.836139768373e+01
1.431738902826e+02 9.549895633957e+01 9.799066217331e+01
1.437135715894e+02 9.508029607715e+01 9.872105088605e+01
1.439340896865e+02 9.450699793666e+01 9.951016495320e+01
1.447489664813e+02 9.476782033773e+01 1.000278013935e+02
1.455600957638e+02 9.533882429827e+01 1.001543864012e+02
1.457616811954e+02 9.469650588031e+01 1.008938391473e+02
1.454252835551e+02 9.377611847520e+01 1.010931470801e+02
1.446670089934e+02 9.315746325316e+01 1.012987812344e+02
1.456035222702e+02 9.289122210859e+01 1.015269446305e+02
1.453234662828e+02 9.202823893008e+01 1.019474546512e+02
1.450549553205e+02 9.115849989505e+01 1.015333823458e+02
1.452406419086e+02 9.052609415172e+01 1.022854351810e+02
1.457549203846e+02 9.008474455467e+01 1.030207774022e+02
1.463340273478e+02 8.963200034515e+01 1.036987580848e+02
1.456629947652e+02 8.935683919806e+01 1.043872358376e+02
1.454743613214e+02 9.026886082568e+01 1.040230463613e+02
1.463558537955e+02 9.073061436517e+01 1.039242805429e+02
1.467636994422e+02 9.056713737432e+01 1.048225773769e+02
1.475762830490e+02 9.071128533379e+01 1.053873155886e+02
1.470305136312e+02 8.988534526401e+01 1.052460401704e+02
1.478820342317e+02 9.023280464384e+01 1.056387036986e+02
1.474515156747e+02 9.078169104379e+01 1.049222000405e+02
1.482587268809e+02 9.135406945616e+01 1.050663978963e+02
1.477132517579e+02 9.079602008014e+01 1.056917280364e+02
1.470550702844e+02 9.094372373298e+01 1.049534999017e+02
1.465655034963e+02 9.033741766888e+01 1.055801715195e+02
1.470993435123e+02 9.007671957669e+01 1.063845665357e+02
1.478142483100e+02 9.015571981504e+01 1.070793111597e+02
1.484003544545e+02 9.091809946539e+01 1.068049813287e+02
1.491418289151e+02 9.101604755696e+01 1.074687748175e+02
1.498856141267e+02 9.109930684551e+01 1.081319877922e+02
1.502853100000e+02 9.061929198438e+01 1.089129032434e+02
1.501494390490e+02 9.006314730301e+01 1.097328070049e+02
1.510377527434e+02 9.026192676750e+01 1.101467943292e+02
1.518412826256e+02 9.084035252537e+01 1.102873765869e+02
1.517437518719e+02 8.985443426176e+01 1.101515350264e+02
1.510831727583e+02 8.972137229143e+01 1.094126644378e+02
1.512302608521e+02 8.972591651010e+01 1.104017773953e+02
1.521730467903e+02 8.954135493155e+01 1.101241234766e+02
1.517498359318e+02 8.895941384759e+01 1.094296905107e+02
1.524667073229e+02 8.917374820973e+01 1.100931331909e+02
1.532347423119e+02 8.949585444454e+01 1.106466400374e+02
1.540277741241e+02 8.998369872327e+01 1.110114804198e+02
1.543740965246e+02 8.989787978135e+01 1.119456623636e+02
1.547412071789e+02 8.986352224507e+01 1.110161198271e+02
1.551125842285e+02 8.983383814350e+01 1.100881123157e+02
1.545932526296e+02 8.967350865465e+01 1.109275104009e+02
1.540941711391e+02 8.905326982301e+01 1.115326727407e+02
1.535962881175e+02 8.843099632664e+01 1.121367324998e+02
1.526886765855e+02 8.849779996213e+01 1.125511942969e+02
1.533841187279e+02 8.886630410826e+01 1.119342948554e+02
1.525209483441e+02 8.935936043050e+01 1.118255182415e+02
1.530002160967e+02 8.998775356328e+01 1.112127993076e+02
1.538963664452e+02 8.957148372955e+01 1.113665327732e+02
1.530365394542e+02 8.907146381310e+01 1.114698653857e+02
1.522310407172e+02 8.848701554097e+01 1.115678041517e+02
1.517620944076e+02 8.761170820104e+01 1.116858144028e+02
1.513317212598e+02 8.693472808469e+01 1.122828712474e+02
1.517607930280e+02 8.603878446985e+01 1.123976861277e+02
1.513382291148e+02 8.535553587007e+01 1.129931784368e+02
1.508457133385e+02 8.589282253223e+01 1.123085243250e+02
1.517842462218e+02 8.559944689918e+01 1.124904220018e+02
1.523341356809e+02 8.621409102061e+01 1.119248831554e+02
1.523732588177e+02 8.661181056340e+01 1.110082106154e+02
1.533197141431e+02 8.629013602787e+01 1.109808644964e+02
1.536157162638e+02 8.568164259502e+01 1.117171514558e+02
1.527253411007e+02 8.585293737527e+01 1.112953811782e+02
1.522909475879e+02 8.619916449394e+01 1.104638590448e+02
1.526009369721e+02 8.567038793854e+01 1.112539868421e+02
1.516190101136e+02 8.558542549540e+01 1.110848684579e+02
1.520510128443e+02 8.497406969260e+01 1.117479052013e+02
1.523243573943e+02 8.435934499748e+01 1.124877675575e+02
1.523676383764e+02 8.380068637277e+01 1.133160352061e+02
1.524889112165e+02 8.433479931516e+01 1.124793654606e+02
1.522709429980e+02 8.391977248709e+01 1.133626788748e+02
1.513020761370e+02 8.380721308900e+01 1.135831950592e+02
1.511137689015e+02 8.332377804938e+01 1.144380815707e+02
1.509868813875e+02 8.269113164805e+01 1.152020567598e+02
1.508564614349e+02 8.209166184274e+01 1.159917570755e+02
1.505582665954e+02 8.158017918980e+01 1.167976511959e+02
1.499152364039e+02 8.226761459503e+01 1.171352082081e+02
1.493018584376e+02 8.199534119610e+01 1.178765817083e+02
1.483262984153e+02 8.203580999251e+01 1.176606073593e+02
1.477265035111e+02 8.273995400843e+01 1.180406432494e+02
1.481419925187e+02 8.351388498502e+01 1.175627314081e+02
1.473738890083e+02 8.400052804534e+01 1.179788990777e+02
1.466672275646e+02 8.392851851951e+01 1.186827770729e+02
1.458090846096e+02 8.346296611052e+01 1.188992294310e+02
1.453594099161e+02 8.372730772163e+01 1.197524094721e+02
1.443873037227e+02 8.396176658468e+01 1.197461973582e+02
1.446238083368e+02 8.312745701269e+01 1.202441864199e+02
1.449073682613e+02 8.368311448216e+01 1.194626248128e+02
1.452168389094e+02 8.420082937141e+01 1.186650038430e+02
1.461385305253e+02 8.408260591391e+01 1.182955342511e+02
1.459412580325e+02 8.348471921066e+01 1.190724609231e+02
1.460484287598e+02 8.411597815538e+01 1.183043290464e+02
1.463037944091e+02 8.466389212509e+01 1.175077245857e+02
1.469577261435e+02 8.496722323416e+01 1.168146419607e+02
1.477985563093e+02 8.442815020443e+01 1.168636817502e+02
1.478919559015e+02 8.507894718282e+01 1.161101966414e+02
1.472574448439e+02 8.517362668013e+01 1.168772895371e+02
1.478968703512e+02 8.464153940071e+01 1.163222957104e+02
1.479558900689e+02 8.473660760035e+01 1.153285760767e+02
1.484721746850e+02 8.489408914020e+01 1.144867627009e+02
1.478276583100e+02 8.563374958824e+01 1.146804146152e+02
1.481158956129e+02 8.574750526142e+01 1.137296365633e+02
1.475437302381e+02 8.642054937082e+01 1.132609806013e+02
1.474729834730e+02 8.716599339185e+01 1.125981773826e+02
1.472992333325e+02 8.688898602035e+01 1.135432053213e+02
1.475862385447e+02 8.618303138392e+01 1.141907051741e+02
1.482288343811e+02 8.552714195149e+01 1.137946248244e+02
1.478376956329e+02 8.628806738039e+01 1.132769347904e+02
1.487145292594e+02 8.594305273779e+01 1.129420800640e+02
1.491694827918e+02 8.571239057371e+01 1.120819566720e+02
1.481887926103e+02 8.569438653247e+01 1.118872193558e+02
1.477513577760e+02 8.600969021904e+01 1.127293798815e+02
1.473846438017e+02 8.562877620081e+01 1.118806011284e+02
1.474772915748e+02 8.507524538280e+01 1.110529417638e+02
1.475698601756e+02 8.482820752264e+01 1.100883675833e+02
1.471303503572e+02 8.450093216288e+01 1.092518737349e+02
1.471182745430e+02 8.449311594073e+01 1.102517702702e+02
1.469286942604e+02 8.481473248306e+01 1.111794674817e+02
1.460928016530e+02 8.510698914476e+01 1.116440851661e+02
1.462718537547e+02 8.576411068418e+01 1.123762952639e+02
1.460437111133e+02 8.563088998943e+01 1.133407656790e+02
1.458127237721e+02 8.561926005250e+01 1.143136529247e+02
1.452587113488e+02 8.599505012161e+01 1.150565203818e+02
1.449636499315e+02 8.645168593941e+01 1.158958191903e+02
1.448411012338e+02 8.596679291640e+01 1.150298742885e+02
1.443991763805e+02 8.618453766462e+01 1.159000981957e+02
1.443897900875e+02 8.646853948476e+01 1.168588759925e+02
1.441122938807e+02 8.678258185290e+01 1.177668260166e+02
1.440906117829e+02 8.707257218499e+01 1.187236099494e+02
1.439249690818e+02 8.731120363694e+01 1.196804890043e+02
1.430784286518e+02 8.686944179576e+01 1.199775004114e+02
1.423892478947e+02 8.693021277731e+01 1.206995369561e+02
1.432979993233e+02 8.722593170639e+01 1.209940215161e+02
1.434291312180e+02 8.764154670920e+01 1.218940596240e+02
1.439967418268e+02 8.845894222890e+01 1.219924606461e+02
1.437996724447e+02 8.886438375163e+01 1.228850864525e+02
1.434258604215e+02 8.921263098801e+01 1.237447308171e+02
1.430448031337e+02 8.928710957787e+01 1.246662774970e+02
1.429247152983e+02 8.954370131661e+01 1.256253080447e+02
1.427022636074e+02 8.974870521314e+01 1.265784547530e+02
1.424837792585e+02 9.001675594304e+01 1.275167582196e+02
1.422865298467e+02 9.031440121647e+01 1.284508352832e+02
1.418498541062e+02 9.048484446444e+01 1.293341604764e+02
1.411069656130e+02 9.039221759308e+01 1.299971363050e+02
1.408891930942e+02 9.073348110291e+01 1.309115291894e+02
1.403261202140e+02 9.086986332260e+01 1.317266051501e+02
1.402063058337e+02 9.121687336158e+01 1.326567817715e+02
1.397037716108e+02 9.159891927099e+01 1.334323462614e+02
1.393270024440e+02 9.175919886608e+01 1.343446814226e+02
1.388629044947e+02 9.190629240674e+01 1.352181667308e+02
1.385919352115e+02 9.217022100055e+01 1.361438650321e+02
1.381469271642e+02 9.243014240269e+01 1.370008415210e+02
1.377102838754e+02 9.276476571316e+01 1.378359282700e+02
1.372635606229e+02 9.309688594923e+01 1.386666716025e+02
1.371832293235e+02 9.335303996877e+01 1.396299638741e+02
1.370863668287e+02 9.364843687657e+01 1.405804155162e+02
1.367048395504e+02 9.379777352041e+01 1.414926301306e+02
1.363140796953e+02 9.383587330866e+01 1.424123339644e+02
1.369580112384e+02 9.453356534568e+01 1.427263052835e+02
1.372915075042e+02 9.478961996986e+01 1.436336179474e+02
1.370568359847e+02 9.496884290001e+01 1.445890280265e+02
1.366602498263e+02 9.504747550969e+01 1.455036516276e+02
1.364075737787e+02 9.521729939022e+01 1.464561822909e+02
1.359946840817e+02 9.536047370455e+01 1.473556394682e+02
1.357307551977e+02 9.562120494406e+01 1.482842732846e+02
1.350553391580e+02 9.577918765746e+01 1.490045889345e+02
1.346775197298e+02 9.601055256064e+01 1.499010947969e+02
1.343984849837e+02 9.614901508007e+01 1.508513409446e+02
1.337778416647e+02 9.637263441537e+01 1.516028702277e+02
1.335286027532e+02 9.663327986657e+01 1.525355780672e+02
1.330832388187e+02 9.702643656028e+01 1.533399901382e+02
1.329802816941e+02 9.725970560797e+01 1.543069365596e+02
1.322917189751e+02 9.744541182230e+01 1.550079319832e+02
1.320366980980e+02 9.767701086180e+01 1.559467217558e+02
1.327774260318e+02 9.780257311348e+01 1.566066886103e+02
1.322683210659e+02 9.810923560062e+01 1.574109088865e+02
1.320240907459e+02 9.839403786583e+01 1.583378604605e+02
1.318665298047e+02 9.880524451662e+01 1.592356820687e+02
1.320178015168e+02 9.902667224613e+01 1.601990545978e+02
1.316247504435e+02 9.935099361782e+01 1.610594768788e+02
1.313505774669e+02 9.965011855300e+01 1.619734536028e+02
1.309670848313e+02 9.995644056034e+01 1.628447171830e+02
1.304433325171e+02 1.002946583822e+02 1.636265689710e+02
1.296305116491e+02 1.005642180988e+02 1.641429600977e+02
1.291004584978e+02 1.008119346310e+02 1.649539349287e+02
1.287047559849e+02 1.009797044907e+02 1.658568595078e+02
1.284734380368e+02 1.012668985335e+02 1.667863817445e+02
1.282400570853e+02 1.015757908911e+02 1.677084006396e+02
1.279039240256e+02 1.018326925993e+02 1.686145000152e+02
1.274221147359e+02 1.021457251373e+02 1.694329561464e+02
1.272535782043e+02 1.023742116607e+02 1.703918040729e+02
1.270188562450e+02 1.027247287933e+02 1.712984701313e+02
1.266066140465e+02 1.030255300600e+02 1.721584555776e+02
1.263255178070e+02 1.034681949174e+02 1.730099441143e+02
1.260593863829e+02 1.037420508799e+02 1.739341610677e+02
1.258452577851e+02 1.040414871457e+02 1.748639389263e+02
1.256919134457e+02 1.043556997479e+02 1.758008252343e+02
1.254468925057e+02 1.046847038432e+02 1.767128126488e+02
1.250545765618e+02 1.050336968020e+02 1.775638661812e+02
1.247790203354e+02 1.052907769112e+02 1.784901375148e+02
1.242197033807e+02 1.056404993233e+02 1.792417083888e+02
1.236539973503e+02 1.059786008027e+02 1.799938148153e+02
1.235089535755e+02 1.063206052410e+02 1.809222518178e+02
1.230724885188e+02 1.067623762509e+02 1.817060481109e+02
1.225296348373e+02 1.069672386623e+02 1.825205057666e+02
1.217041969515e+02 1.070794468976e+02 1.830737341178e+02
1.211141169752e+02 1.073423513518e+02 1.838370734063e+02
1.206697970110e+02 1.077121411426e+02 1.846530607102e+02
1.201978953890e+02 1.077558272995e+02 1.855336289238e+02
1.200226529991e+02 1.081338475236e+02 1.864426893261e+02
1.196783724173e+02 1.085434222561e+02 1.872875084899e+02
1.194925841918e+02 1.088543973894e+02 1.882195906761e+02
1.189390383582e+02 1.092153657246e+02 1.889701164058e+02
1.185478003993e+02 1.097420593656e+02 1.897247863125e+02
1.182883318392e+02 1.101163345781e+02 1.906150638712e+02
1.177053415973e+02 1.104530754634e+02 1.913544744162e+02
1.174218098585e+02 1.107537875793e+02 1.922650687147e+02
1.172597303575e+02 1.110733061518e+02 1.931986843300e+02
1.170407300637e+02 1.116173309754e+02 1.940086694303e+02
1.172632900529e+02 1.118667558610e+02 1.949511418583e+02
1.172729072753e+02 1.122689286528e+02 1.958666551321e+02
1.168227526876e+02 1.123220461624e+02 1.967580245153e+02
1.164367914668e+02 1.128557817925e+02 1.975104607009e+02
1.161905398733e+02 1.130741508971e+02 1.984547461910e+02
1.160246370535e+02 1.133928261335e+02 1.993879783958e+02
1.159116098851e+02 1.137109707813e+02 2.003292588228e+02
1.158617756161e+02 1.140641471747e+02 2.012634873712e+02
1.159557887221e+02 1.144582605629e+02 2.021777281345e+02
1.160331681096e+02 1.148618300889e+02 2.030893991651e+02
1.164957998920e+02 1.155005800951e+02 2.037041920273e+02
1.170350533650e+02 1.156917443240e+02 2.045243517248e+02
1.172657075700e+02 1.157252293940e+02 2.054968111779e+02
1.174392067646e+02 1.162254071209e+02 2.063451744674e+02
1.175737217004e+02 1.167021803946e+02 2.072138475806e+02
1.177271895798e+02 1.164600670300e+02 2.081718813632e+02
1.176876583656e+02 1.168311704045e+02 2.090996310970e+02
1.179560932013e+02 1.173099988085e+02 2.099354935848e+02
1.181933367399e+02 1.182294122947e+02 2.102491723134e+02
1.181859715799e+02 1.186580122791e+02 2.111526366501e+02
1.182611854505e+02 1.190770033524e+02 2.120575064497e+02
1.183469325208e+02 1.195052667503e+02 2.129570829623e+02
1.189904743076e+02 1.196881276422e+02 2.137003298007e+02
1.185837419213e+02 1.200916806630e+02 2.145199112338e+02
1.192818204513e+02 1.201777316447e+02 2.152307428555e+02
1.199442171882e+02 1.204310095838e+02 2.159357824633e+02
1.205147642747e+02 1.205561402021e+02 2.167474587229e+02
1.207690453210e+02 1.213224478862e+02 2.173374703185e+02
1.215083097644e+02 1.215378671394e+02 2.179755005905e+02
1.214481056085e+02 1.219455011796e+02 2.188866591655e+02
1.217498701368e+02 1.219313895808e+02 2.198399372111e+02
1.223817694027e+02 1.220693605674e+02 2.206026083884e+02
1.219523326492e+02 1.221664928409e+02 2.215004666156e+02
1.221320911142e+02 1.220479224349e+02 2.224770053773e+02
1.224205916004e+02 1.227438519784e+02 2.231346143340e+02
1.230294222081e+02 1.228891699804e+02 2.239144912278e+02
1.230145752583e+02 1.233593067987e+02 2.247969598902e+02
1.235366983013e+02 1.234155474529e+02 2.256479737072e+02
1.242324288058e+02 1.235334770137e+02 2.263565297627e+02
1.245584473260e+02 1.238800156558e+02 2.272360881144e+02
1.242873838811e+02 1.242752142874e+02 2.281137797746e+02
1.242268192277e+02 1.246140512903e+02 2.290526734896e+02
1.241600863080e+02 1.250805711923e+02 2.299346632279e+02
1.240958528672e+02 1.254069115040e+02 2.308777305988e+02
1.240469014863e+02 1.257067788472e+02 2.318304547660e+02
